5160
5165
5170
5175
5180
5185
5190
5195
5200
5205
5210
5215
5220
5225
5230
5235
5241
5246
5251
5256
5261
5266
5271
5276
5281
5286
5291
5296
5301
5306
5311
5316
5321
5326
5331
5336
5341
5346
5351
5356
5361
5366
5371
5376
5381
5386
5391
5396
5401
5406
5411
5416
5421
5426
5431
5436
5441
5446
5451
5456
5461
5466
5471
5476
5481
5486
5491
5496
5501
5506
5511
5516
5521
5526
5531
5536
5541
5546
5551
5556
5561
5566
5571
5576
5581
5586
5591
5596
5601
5606
5611
5616
5621
5626
5631
5636
5641
5646
5651
5656
5661
5666
5671
5676
5681
5686
5691
5696
5701
5706
5711
5716
5721
5726
5731
5736
5741
5746
5751
5756
7108
7113
7118
7123
7128
7133
7138
7143
7148
7153
7158
7163
7168
7173
7178
7183
7188
7193
7198
7203
7208
7213
7218
7223
7228
7233
7238
7243
7248
7253
7258
7263
7268
7273
7278
7283
7288
7293
7298
7303
7308
7313
7318
7323
7328
7333
7338
7343
7348
7353
7358
7363
7368
7373
7378
7383
7388
7393
7398
7403
7408
7413
7418
7423
7428
7433
7438
7443
7448
7453
7458
7463
7469
7474
7479
7484
7489
7494
7499
7504
7509
7514
7519
7524
7529
7534
7539
7544
7549
7554
7559
7564
7569
7574
7579
7584
7589
7594
7599
7604
7609
7614
7619
7624
7629
7634
7639
7644
7649
7654
7659
7664
7669
7674
7679
7684
7689
7694
7699
7704
9069
9074
9079
9084
9089
9094
9099
9104
9109
9114
9119
9124
9129
9134
9139
9144
9149
9154
9159
9164
9169
9174
9179
9184
9189
9194
9199
9204
9209
9214
9219
9224
9229
9234
9239
9244
9249
9254
9259
9264
9269
9274
9279
9284
9289
9294
9299
9304
9309
9314
9319
9324
9329
9334
9339
9344
9349
9354
9359
9364
9369
9374
9379
9384
9389
9394
9399
9404
9409
9414
9419
9424
9429
9434
9439
9444
9449
9454
9459
9464
9469
9474
9479
9484
9489
9494
9499
9504
9509
9514
9519
9524
9529
9534
9539
9544
9549
9554
9559
9564
9569
9574
9579
9584
9589
9594
9599
9604
9609
9614
9619
9624
9629
9634
9639
9644
9649
9654
9659
9664
0004
0009
0014
0019
0024
0029
0034
0039
0044
0049
0054
0059
0064
0069
0074
0079
0084
0089
0094
0099
0104
0109
0114
0119
0124
0129
0134
0139
0144
0149
0154
0159
0164
0169
0174
0179
0184
0189
0194
0199
0204
0209
0214
0219
0224
0229
0234
0239
0244
0249
0254
0259
0264
0269
0274
0279
0284
0289
0294
0299
0304
0309
0314
0319
0324
0329
0334
0339
0344
0349
0354
0359
0364
0369
0374
0379
0384
0389
0394
0399
0404
0409
0414
0419
0424
0429
0434
0439
0444
0449
0454
0459
0464
0469
0474
0479
0484
0489
0494
0499
0504
0509
0514
0519
0524
0529
0534
0539
0544
0549
0554
0559
0564
0569
0574
0579
0584
0589
0594
0599
0007
0012
0017
0022
0027
0032
0037
0042
0047
0052
0057
0062
0067
0072
0077
0082
0087
0092
0097
0102
0107
0112
0117
0122
0127
0132
0137
0142
0147
0152
0157
0162
0167
0172
0177
0182
0187
0192
0197
0202
0207
0212
0217
0222
0227
0232
0237
0242
0247
0252
0257
0262
0267
0272
0277
0282
0287
0292
0297
0302
0307
0312
0317
0322
0327
0332
0337
0342
0347
0352
0357
0362
0367
0372
0377
0382
0387
0392
0397
0402
0407
0412
0417
0422
0427
0432
0437
0442
0447
0452
0457
0462
0467
0472
0477
0482
0487
0492
0497
0502
0507
0512
0517
0522
0527
0532
0537
0542
0547
0552
0557
0562
0567
0572
0577
0582
0587
0592
0597
0602
0004
0009
0014
0019
0024
0029
0034
0039
0044
0049
0054
0059
0064
0069
0074
0079
0084
0089
0094
0099
0104
0109
0114
0119
0124
0129
0134
0139
0144
0149
0154
0159
0164
0169
0174
0179
0184
0189
0194
0199
0204
0209
0214
0219
0224
0229
0234
0239
0244
0249
0254
0259
0264
0269
0274
0279
0284
0289
0294
0299
0304
0309
0314
0319
0324
0329
0334
0339
0344
0349
0354
0359
0364
0369
0374
0379
0384
0389
0394
0399
0404
0409
0414
0419
0424
0429
0434
0439
0444
0449
0454
0459
0464
0469
0474
0479
0484
0489
0494
0499
0504
0509
0514
0519
0524
0529
0534
0539
0544
0549
0554
0559
0564
0569
0574
0579
0584
0589
0594
0599
0010
0015
0020
0025
0030
0035
0040
0045
0050
0055
0060
0065
0070
0075
0080
0085
0090
0095
0100
0105
0110
0115
0120
0125
0130
0135
0140
0145
0150
0155
0160
0165
0170
0175
0180
0185
0190
0195
0200
0205
0210
0215
0220
0225
0230
0235
0240
0245
0250
0255
0260
0265
0270
0275
0280
0285
0290
0295
0300
0305
0310
0315
0320
0325
0330
0335
0340
0345
0350
0355
0360
0365
0370
0375
0380
0385
0390
0395
0400
0405
0410
0415
0420
0425
0430
0435
0440
0445
0450
0455
0460
0465
0470
0475
0480
0485
0490
0495
0500
0505
0510
0515
0520
0525
0530
0535
0540
0545
0550
0555
0560
0565
0570
0575
0580
0585
0590
0595
0600
0605
5768
5773
5778
5783
5788
5793
5798
5803
5808
5813
5818
5823
5828
5833
5838
5843
5848
5853
5858
5863
5868
5873
5878
5883
5888
5893
5898
5903
5908
5913
5918
5923
5928
5933
5938
5943
5948
5953
5958
5963
5968
5973
5978
5983
5988
5993
5998
6003
6008
6013
6018
6023
6028
6033
6038
6043
6048
6053
6058
6063
6068
6073
6078
6083
6088
6093
6098
6103
6108
6113
6118
6123
6128
6133
6138
6143
6148
6153
6158
6163
6168
6173
6178
6183
6188
6193
6198
6203
6208
6213
6218
6223
6228
6233
6238
6243
6248
6253
6258
6263
6268
6273
6278
6283
6288
6293
6298
6303
6308
6313
6318
6323
6328
6333
6338
6343
6348
6353
6358
6363
8097
8102
8107
8112
8117
8122
8127
8132
8137
8142
8147
8152
8157
8162
8167
8172
8177
8182
8187
8192
8197
8202
8207
8212
8217
8222
8227
8232
8237
8242
8247
8252
8257
8262
8267
8272
8277
8282
8287
8292
8297
8302
8307
8312
8317
8322
8327
8332
8337
8342
8347
8352
8357
8362
8367
8372
8377
8382
8387
8392
8397
8402
8407
8412
8417
8422
8427
8432
8437
8442
8447
8452
8457
8462
8467
8472
8477
8482
8487
8492
8497
8502
8507
8512
8517
8522
8527
8532
8537
8542
8547
8552
8557
8562
8567
8572
8577
8582
8587
8592
8597
8602
8607
8612
8617
8622
8627
8632
8637
8642
8647
8652
8657
8662
8667
8672
8677
8682
8687
8692
0004
0009
0014
0019
0024
0029
0034
0039
0044
0049
0054
0059
0064
0069
0074
0079
0084
0089
0094
0099
0104
0109
0114
0119
0124
0129
0134
0139
0144
0149
0154
0159
0164
0169
0174
0179
0184
0189
0194
0199
0204
0209
0214
0219
0224
0229
0234
0239
0244
0249
0254
0259
0264
0269
0274
0279
0284
0289
0294
0299
0304
0309
0314
0319
0324
0329
0334
0339
0344
0349
0354
0359
0364
0369
0374
0379
0384
0389
0394
0399
0404
0409
0414
0419
0424
0429
0434
0439
0444
0449
0454
0459
0464
0469
0474
0479
0484
0489
0494
0499
0504
0509
0514
0519
0524
0529
0534
0539
0544
0549
0554
0559
0564
0569
0574
0579
0584
0589
0594
0599
0009
0014
0019
0024
0029
0034
0039
0044
0049
0054
0059
0064
0069
0074
0079
0084
0089
0094
0099
0104
0109
0114
0119
0124
0129
0134
0139
0144
0149
0154
0159
0164
0169
0174
0179
0184
0189
0194
0199
0204
0209
0214
0219
0224
0229
0234
0239
0244
0249
0254
0259
0264
0269
0274
0279
0284
0289
0294
0299
0304
0309
0314
0319
0324
0329
0334
0339
0344
0349
0354
0359
0364
0369
0374
0379
0384
0389
0394
0399
0404
0409
0414
0419
0424
0429
0434
0439
0444
0449
0454
0459
0464
0469
0474
0479
0484
0489
0494
0499
0504
0509
0514
0519
0524
0529
0534
0539
0544
0549
0554
0559
0564
0569
0574
0579
0584
0589
0594
0599
0604
0004
0009
0014
0019
0024
0029
0034
0039
0044
0049
0054
0059
0064
0069
0074
0079
0084
0089
0094
0099
0104
0109
0114
0119
0124
0129
0134
0139
0144
0149
0154
0159
0164
0169
0174
0179
0184
0189
0194
0199
0204
0209
0214
0219
0224
0229
0234
0239
0244
0249
0254
0259
0264
0269
0274
0279
0284
0289
0294
0299
0304
0309
0314
0319
0324
0329
0334
0339
0344
0349
0354
0359
0364
0369
0374
0379
0384
0389
0394
0399
0404
0409
0414
0419
0424
0429
0434
0439
0444
0449
0454
0459
0464
0469
0474
0479
0484
0489
0494
0499
0504
0509
0514
0519
0524
0529
0534
0539
0544
0549
0554
0559
0564
0569
0574
0579
0584
0589
0594
0599
0009
0014
0019
0024
0029
0034
0039
0044
0049
0054
0059
0064
0069
0074
0079
0084
0089
0094
0099
0104
0109
0114
0119
0124
0129
0134
0139
0144
0149
0154
0159
0164
0169
0174
0179
0184
0189
0194
0199
0204
0209
0214
0219
0224
0229
0234
0239
0244
0249
0254
0259
0264
0269
0274
0279
0284
0289
0294
0299
0304
0309
0314
0319
0324
0329
0334
0339
0344
0349
0354
0359
0364
0369
0374
0379
0384
0389
0394
0399
0404
0409
0414
0419
0424
0429
0434
0439
0444
0449
0454
0459
0464
0469
0474
0479
0484
0489
0494
0499
0504
0509
0514
0519
0524
0529
0534
0539
0544
0549
0554
0559
0564
0569
0574
0579
0584
0589
0594
0599
0604
0009
0014
0019
0024
0029
0034
0039
0044
0049
0054
0059
0064
0069
0074
0079
0084
0089
0094
0099
0104
0109
0114
0119
0124
0129
0134
0139
0144
0149
0154
0159
0164
0169
0174
0179
0184
0189
0194
0199
0204
0209
0214
0219
0224
0229
0234
0239
0244
0249
0254
0259
0264
0269
0274
0279
0284
0289
0294
0299
0304
0309
0314
0319
0324
0329
0334
0339
0344
0349
0354
0359
0364
0369
0374
0379
0384
0389
0394
0399
0404
0409
0414
0419
0424
0429
0434
0439
0444
0449
0454
0459
0464
0469
0474
0479
0484
0489
0494
0499
0504
0509
0514
0519
0524
0529
0534
0539
0544
0549
0554
0559
0564
0569
0574
0579
0584
0589
0594
0599
0604
